PONTO 1: -21.1864678 -47.8008703
PONTO 2: -20.5801741 -47.8665536

Dist: 67.47 kilometers N (354°)

API_KEY_MAPS:***REMOVED***

Lat	Lon	Dist
-21.17131076507345	-47.80251888723309	1695.9289847056511
-21.156153714174863	-47.80416713668528	3391.857969411873
-21.140996647320055	-47.80581504869062	5087.786954118808
-21.125839564524842	-47.80746262358298	6783.715938824039
-21.110682465804995	-47.80910986169593	8479.644923530943
-21.095525351176306	-47.810756763362875	10175.57390823696
-21.080368220654545	-47.812403328916965	11871.502892943483
-21.06521107425547	-47.81404955869112	13567.431877649837
-21.050053911994826	-47.815695453018016	15263.360862355632
-21.034896733888356	-47.817341012230166	16959.2898470618
-21.01973953995177	-47.81898623665976	18655.218831768623
-21.004582330200808	-47.82063112663885	20351.147816474604
-20.989425104651165	-47.822275682499175	22047.07680118015
-20.974267863318527	-47.823919904572335	23743.005785887028
-20.95911060621858	-47.82556379318963	25438.93477059321
-20.943953333367006	-47.82720734868218	27134.863755299513
-20.92879604477946	-47.82885057138086	28830.792740005192
-20.91363874047159	-47.83049346161629	30526.721724711326
-20.898481420459042	-47.83213601971895	32222.65070941744
-20.883324084757437	-47.83377824601901	33918.57969412412
-20.86816673338241	-47.835420140846445	35614.508678829894
-20.85300936634955	-47.837061704530996	37310.43766353646
-20.837851983674465	-47.8387029374022	39006.366648242125
-20.82269458537274	-47.84034383978937	40702.29563294882
-20.807537171459952	-47.84198441202158	42398.22461765506
-20.79237974195167	-47.84362465442767	44094.15360236108
-20.777222296863446	-47.84526456733628	45790.08258706692
-20.76206483621082	-47.846904151075826	47486.01157177346
-20.746907360009324	-47.848543405974475	49181.94055648015
-20.73174986827449	-47.850182332360205	50877.86954118629
-20.71659236102183	-47.85182093056075	52573.798525892256
-20.70143483826685	-47.85345920090363	54269.7275105983
-20.686277300025022	-47.855097143716144	55965.6564953051
-20.671119746311856	-47.856734759325356	57661.58548001051
-20.65596217714279	-47.85837204805814	59357.51446471705
-20.64080459253331	-47.86000901024112	61053.443449423525
-20.62564699249886	-47.86164564620072	62749.37243412921
-20.61048937705487	-47.863281956263116	64445.30141883579
-20.59533174621678	-47.86491794075429	66141.2304035423
-20.5801741	-47.8665536	67837.15938824821